103 103 103 103 103 103 103 103 103 103 103 103 103 103 103 103 103 103 103 103 103 103 103 103 103 103 103 103 103 103 103 103 103 103 103 103 103 103 103 103 103 103 103 103 103 103 103 103 103 103 103 103 103 103 103
103 304-7,8 0 0 0 0 0 0 0 103 103 103 103 103 103 103 103 103 103 0 0 0 0 0 0 0 0 0 0 0 0 0 0 0 0 0 103 103 103 103 103 103 103 103 103 103 0 0 0 0 0 0 0 304-47,8 103
103 0 330 330 330 335 331 331 0 103 103 103 103 103 103 103 103 103 103 0 0 0 0 0 0 0 0 0 0 0 0 0 0 0 0 0 103 103 103 103 103 103 103 103 103 103 0 331 331 335 330 330 330 0 103
103 0 330 330 330 336 331 331 0 103 103 103 110 0 0 0 0 0 0 0 0 0 0 0 0 0 0 0 0 0 0 0 0 0 0 0 0 0 0 0 0 0 120 103 103 103 0 331 331 336 330 330 330 0 103
103 0 0 0 0 0 0 0 0 103 103 103 0 103 103 103 103 103 103 0 0 0 0 0 0 0 0 0 0 0 0 0 0 0 0 0 103 103 103 103 103 103 0 103 103 103 0 0 0 0 0 0 0 0 103
103 103 103 103 103 103 103 103 103 103 103 103 0 103 103 103 103 103 103 0 0 0 0 0 0 0 0 0 0 0 0 0 0 0 0 0 103 103 103 103 103 103 0 103 103 103 103 103 103 103 103 103 103 103 103
103 201-1,2 100 201-1,2 100 201-1,2 100 201-1,2 100 103 103 103 0 103 103 103 103 103 103 0 0 0 0 0 0 0 0 0 0 0 0 0 0 0 0 0 103 103 103 103 103 103 0 103 103 103 100 201-2,2 100 201-2,2 100 201-2,2 100 201-2,2 103
103 100 100 100 100 100 100 100 100 103 103 103 0 103 103 103 103 103 103 0 0 0 0 0 0 0 0 0 0 0 0 0 0 0 0 0 103 103 103 103 103 103 0 103 103 103 100 100 100 100 100 100 100 100 103
103 0 0 0 0 0 0 0 303-1 103 103 103 0 103 103 103 103 103 103 0 0 0 0 0 0 0 0 0 0 0 0 0 0 0 0 0 103 103 103 103 103 103 0 103 103 103 303-2 0 0 0 0 0 0 0 103
103 304-1,11 0 0 0 0 0 0 1 103 103 103 0 103 103 103 103 103 103 0 0 0 0 0 0 0 0 0 0 0 0 0 0 0 0 0 103 103 103 103 103 103 0 103 103 103 2 0 0 0 0 0 0 304-53,11 103
103 103 103 103 103 103 103 103 103 103 103 103 0 103 103 103 103 103 103 102 102 102 102 102 102 102 102 102 102 102 102 102 102 102 102 102 103 103 103 103 103 103 0 103 103 103 103 103 103 103 103 103 103 103 103
103 0 0 0 0 0 200-2 0 304-1,22 103 0 0 0 0 0 0 0 0 102 0 0 0 0 0 0 0 0 0 0 0 0 0 0 0 0 0 102 0 0 0 0 0 0 0 0 103 304-53,22 0 200-2 0 0 0 0 0 103
103 0 0 200-2 200-2 200-2 200-2 0 200-2 103 0 0 0 0 0 0 0 0 102 0 0 0 0 0 0 0 0 0 0 0 0 0 0 0 0 0 102 0 0 0 0 0 0 0 0 103 200-2 0 200-2 200-2 200-2 200-2 0 0 103
103 0 200-2 200-2 0 0 200-2 0 0 103 0 0 0 0 0 0 0 0 102 0 0 100 100 100 100 100 100 100 100 100 100 100 100 100 0 0 102 0 0 0 0 0 0 0 0 103 0 0 200-2 0 0 200-2 200-2 0 103
103 0 200-2 0 0 0 200-2 200-2 200-2 103 0 0 0 0 0 0 0 0 102 0 0 100 0 0 0 0 0 0 0 0 0 0 0 100 0 0 102 0 0 0 0 0 0 0 0 103 200-2 200-2 200-2 0 0 0 200-2 0 103
103 0 200-2 0 200-2 0 0 0 200-2 103 0 0 0 0 0 0 0 0 102 0 0 100 0 100 100 100 100 100 100 100 100 100 0 100 0 0 102 0 0 0 0 0 0 0 0 103 200-2 0 0 0 200-2 0 200-2 0 103
103 0 200-2 0 200-2 200-2 0 200-2 200-2 103 0 0 0 0 0 0 0 0 102 0 0 100 0 100 0 0 0 0 0 0 0 100 0 100 0 0 102 0 0 0 0 0 0 0 0 103 200-2 200-2 0 200-2 200-2 0 200-2 0 103
103 0 200-2 0 200-2 0 0 200-2 200-2 103 0 0 0 0 0 0 0 0 102 0 0 100 0 100 0 100 100 100 100 100 0 100 0 100 0 0 102 0 0 0 0 0 0 0 0 103 200-2 200-2 0 0 200-2 0 200-2 0 103
103 0 200-2 0 200-2 0 0 0 200-2 103 0 0 0 0 0 0 0 0 102 0 0 100 0 100 0 100 110 110 110 100 0 100 0 100 0 0 102 0 0 0 0 0 0 0 0 103 200-2 0 0 0 200-2 0 200-2 0 103
103 0 200-2 0 200-2 0 200-2 0 0 103 0 0 0 0 0 0 0 0 102 0 0 100 0 100 0 100 110 304-8,4 110 100 0 100 0 100 0 0 102 0 0 0 0 0 0 0 0 103 0 0 200-2 0 200-2 0 200-2 0 103
103 0 0 0 200-2 200-2 200-2 0 304-19,20 103 0 0 0 0 0 0 0 0 102 0 0 100 0 100 0 100 110 110 110 100 0 100 0 100 0 0 102 0 0 0 0 0 0 0 0 103 304-35,20 0 200-2 200-2 200-2 0 0 0 103
103 103 103 103 103 103 103 103 103 103 0 0 0 0 0 0 0 0 102 0 0 100 0 100 0 100 0 0 0 100 0 100 0 100 0 0 102 0 0 0 0 0 0 0 0 103 103 103 103 103 103 103 103 103 103
103 0 200-2 0 200-2 0 200-2 0 304-19,20 103 0 0 0 0 0 0 0 0 102 0 0 100 0 100 0 100 120 120 120 100 0 100 0 100 0 0 102 0 0 0 0 0 0 0 0 103 304-35,20 0 200-2 0 0 0 200-2 0 103
103 0 200-2 0 200-2 0 200-2 0 0 103 0 0 0 0 0 0 0 0 102 0 0 100 0 100 0 100 120 304-46,4 120 100 0 100 0 100 0 0 102 0 0 0 0 0 0 0 0 103 0 0 200-2 0 200-2 0 200-2 0 103
103 0 200-3 0 0 0 200-2 0 0 103 0 0 0 0 0 0 0 0 102 0 0 100 0 100 0 100 120 120 120 100 0 100 0 100 0 0 102 0 0 0 0 0 0 0 0 103 0 0 200-2 0 0 0 200-2 0 103
103 0 200-2 0 200-2 0 200-2 0 0 103 0 0 0 0 0 0 0 0 102 0 0 100 0 100 0 100 100 100 100 100 0 100 0 100 0 0 102 0 0 0 0 0 0 0 0 103 0 0 200-2 0 200-2 0 200-2 0 103
103 0 200-3 0 200-2 0 200-2 0 0 103 0 0 0 0 0 0 0 0 102 0 0 100 0 100 0 0 0 0 0 0 0 100 0 100 0 0 102 0 0 0 0 0 0 0 0 103 0 0 200-2 0 200-2 0 200-2 0 103
103 0 200-2 0 200-2 0 200-2 200-2 200-2 103 0 0 0 0 0 0 0 0 102 0 0 100 0 100 100 100 100 100 100 100 100 100 0 100 0 0 102 0 0 0 0 0 0 0 0 103 200-2 200-2 200-2 0 200-2 0 200-2 0 103
103 0 200-3 0 200-2 0 200-2 200-2 200-2 103 0 0 0 0 0 0 0 0 102 0 0 100 0 0 0 0 0 0 0 0 0 0 0 100 0 0 102 0 0 0 0 0 0 0 0 103 200-2 200-2 200-2 0 200-2 0 200-2 0 103
103 0 0 0 200-2 0 0 0 304-7,35 103 0 0 0 0 0 0 0 0 102 0 0 100 100 100 100 100 100 100 100 100 100 100 100 100 0 0 102 0 0 0 0 0 0 0 0 103 304-47,35 0 0 0 200-2 0 0 0 103
103 0 200-2 0 200-2 0 200-2 200-2 200-2 103 0 0 0 0 0 0 0 0 102 0 0 0 0 0 0 0 0 0 0 0 0 0 0 0 0 0 102 0 0 0 0 0 0 0 0 103 200-2 200-2 200-2 0 200-2 0 200-2 0 103
103 0 200-2 0 200-2 0 200-2 200-2 200-2 103 0 0 0 0 0 0 0 0 102 0 0 0 0 0 0 0 0 0 0 0 0 0 0 0 0 0 102 0 0 0 0 0 0 0 0 103 200-2 200-2 200-2 0 200-2 0 200-2 0 103
103 103 103 103 103 103 103 103 103 103 103 103 0 103 103 103 103 103 103 102 102 102 102 102 102 102 102 102 102 102 102 102 102 102 102 102 103 103 103 103 103 103 0 103 103 103 103 103 103 103 103 103 103 103 103
103 102 102 102 102 102 102 102 102 103 103 103 0 103 103 103 103 103 103 0 0 0 0 0 0 0 0 0 0 0 0 0 0 0 0 0 103 103 103 103 103 103 0 103 103 103 102 102 102 102 102 102 102 102 103
103 102 102 102 102 102 102 102 102 103 103 103 0 103 103 103 103 103 103 0 0 0 0 0 0 0 0 0 0 0 0 0 0 0 0 0 103 103 103 103 103 103 0 103 103 103 102 102 102 102 102 102 102 102 103
103 102 0 0 0 0 0 0 102 103 103 103 0 103 103 103 103 103 103 0 0 0 0 0 0 0 0 0 0 0 0 0 0 0 0 0 103 103 103 103 103 103 0 103 103 103 102 0 0 0 0 0 0 102 103
103 102 0 332 335 336 334 0 102 103 103 103 0 103 103 103 103 103 103 0 0 0 0 0 0 0 0 0 0 0 0 0 0 0 0 0 103 103 103 103 103 103 0 103 103 103 102 0 334 336 335 332 0 102 103
103 102 0 331 331 330 330 0 102 103 103 103 0 103 103 103 103 103 103 0 0 0 0 0 0 0 0 0 0 0 0 0 0 0 0 0 103 103 103 103 103 103 0 103 103 103 102 0 330 330 331 331 0 102 103
103 102 0 0 0 0 0 0 102 103 103 103 0 103 103 103 103 103 103 0 0 0 0 0 0 0 0 0 0 0 0 0 0 0 0 0 103 103 103 103 103 103 0 103 103 103 102 0 0 0 0 0 0 102 103
103 102 102 102 0 102 102 102 102 103 103 103 120 0 0 0 0 0 0 0 0 0 0 0 0 0 0 0 0 0 0 0 0 0 0 0 0 0 0 0 0 0 110 103 103 103 102 102 102 102 0 102 102 102 103
103 103 103 103 0 103 103 103 103 103 103 103 103 103 103 103 103 103 103 0 0 0 0 0 0 0 0 0 0 0 0 0 0 0 0 0 103 103 103 103 103 103 103 103 103 103 103 103 103 103 0 103 103 103 103
103 103 103 103 0 103 103 103 103 103 103 103 103 103 103 103 103 103 103 0 0 0 0 0 0 0 0 0 0 0 0 0 0 0 0 0 103 103 103 103 103 103 103 103 103 103 103 103 103 103 0 103 103 103 103
103 103 103 103 304-7,8 103 103 103 103 103 103 103 103 103 103 103 103 103 103 103 103 103 103 103 103 103 103 103 103 103 103 103 103 103 103 103 103 103 103 103 103 103 103 103 103 103 103 103 103 103 304-47,8 103 103 103 103
